Block Number,Block Hash,Validation,Chip ID,Problem ID,Strongest Block Hash,Chain Length
1,7037dd3b7b658353213b636633c8a80da1041f6cbf14e987dd96158ed12e838f,pass,Advantage_system4.1,8132f55a-e4cc-48d7-a130-ddf1ce0a1e35,333e0cfebcd77602d03a927aa70f7bb7adcecadb526c6ac231b190060f65c614,1
